-3763 2086 
2728 727 
778 -1643 
-694 2950 
654 2325 
-1710 -4156 
-426 -2310 
33 -2154 
1164 -2028 
1898 2132 
2749 795 
-2604 -1078 
3424 1766 
1802 -2948 
2728 1666 
-4463 -8 
-341 -1273 
895 2003 
-116 -114 
1476 -707 
-5772 340 
-1846 716 
989 -1570 
3143 -1377 
-163 -77 
-2000 -2400 
1114 223 
-2908 953 
1401 1131 
2068 -1237 
-4260 -990 
-233 -5416 
408 -2421 
750 -75 
-2998 -2025 
-159 -3480 
-425 1078 
-868 -397 
2054 2179 
2039 -3649 
-2378 600 
-2364 -2215 
-376 6321 
-902 2222 
1355 -1496 
-3141 -3082 
-990 310 
521 -63 
-899 -3276 
-2212 3386 
-82 -1091 
3897 2319 
3011 -404 
4419 2104 
2346 -3612 
1753 -2719 
-152 -2405 
1199 304 
-362 -3549 
-452 2718 
2357 1319 
-443 269 
384 -2098 
3573 4436 
1247 233 
-959 1202 
-2676 -415 
1069 -602 
1207 89 
433 655 
1116 -408 
-287 1279 
212 -38 
1168 -1345 
-324 -1741 
3643 -3951 
-2084 2020 
2371 -2326 
1456 -323 
-813 -1135 
-2076 295 
512 1231 
949 2333 
-540 2485 
2096 -2941 
2201 1867 
-1312 -1576 
952 1943 
-569 -378 
-212 1784 
-1923 5479 
-1661 -593 
173 151 
-1400 607 
-5435 1227 
-742 2299 
948 -2399 
-265 2707 
-161 -2262 
-1735 3131 
729 1080 
1237 1603 
-708 -232 
-2555 -1825 
-1978 -1214 
621 3067 
2187 -29 
2320 3035 
533 1855 
-1408 374 
-3832 1159 
-2912 1583 
813 1111 
-1222 -1260 
141 -202 
-1350 -677 
2547 -1531 
-178 -1220 
-2258 765 
836 4421 
-1189 -2461 
-428 505 
814 100 
1613 -1204 
2143 -1655 
-525 654 
-1355 2071 
-2340 1307 
2061 605 
821 -4946 
1278 825 
-239 -3117 
3381 -4016 
-1502 716 
-545 358 
241 -1693 
1025 -1012 
-733 449 
1036 942 
-611 -635 
303 -1042 
1377 -1758 
598 338 
-3952 -1678 
-149 2789 
-583 972 
-2017 -558 
-829 -1269 
2742 1254 
301 -1746 
-47 -3059 
527 1851 
-233 201 
422 3223 
1995 -542 
1111 2031 
-1617 -1310 
-5280 -23 
-2230 2701 
-2393 2072 
915 1275 
1115 2087 
2547 3945 
-188 -2647 
-1197 -754 
-2169 441 
-2529 1471 
253 4794 
5860 1914 
1139 -5433 
1185 1555 
-1176 39 
-829 1205 
-1258 -2696 
1468 -3609 
-828 -909 
-1608 3421 
-3627 2605 
-1047 830 
-1571 2689 
-1982 1778 
-1270 646 
-3140 2335 
-469 1865 
-4409 -1366 
1872 -368 
-1162 -3059 
-2542 247 
1989 -377 
772 66 
630 498 
2490 -540 
-5215 -1933 
365 -2521 
-680 3658 
-352 1557 
-863 -1301 
45 -370 
-1273 -1561 
-146 -62 
-2113 -796 
-408 282 
2683 -573 
-1139 2675 
-642 -39 
-195 881 
-169 1323 
-2205 -5324 
1663 863 
744 -1131 
-2549 -1400 
-1368 415 
4532 -1181 
-547 -625 
982 1235 
202 -1997 
3283 501 
3086 542 
2914 -4704 
-664 87 
159 -2694 
1576 -1428 
699 193 
-596 2446 
609 -1322 
-390 1895 
1463 -1005 
-1057 -2571 
-973 -1114 
-1586 -1076 
2625 -422 
1483 753 
-735 911 
-3337 2340 
-826 1099 
2793 -1440 
-3229 1807 
895 -1593 
1172 -3163 
1139 3532 
796 507 
310 -1591 
886 2264 
1900 -929 
533 -987 
912 -746 
1750 883 
709 1755 
1349 -2088 
2294 -323 
-777 -89 
-709 -394 
2022 -1841 
906 -3679 
-30 -4556 
-866 -176 
136 -388 
1784 -144 
-2540 -3219 
130 -590 
1588 -3323 
-3682 -817 
-2338 -1082 
3969 562 
-1697 -625 
1217 -2792 
687 -829 
-280 -1336 
-2117 2153 
494 -3640 
-2097 -2942 
-1831 -3239 
-720 3768 
1837 -3466 
-582 -667 
3432 1682 
1434 1664 
2605 -1552 
2205 2198 
844 -664 
1564 1964 
-1454 1109 
-1267 2172 
-905 1989 
1602 83 
-293 1057 
2215 414 
363 -617 
2039 1728 
-831 292 
-2170 355 
-516 2545 
504 -2971 
-67 -4934 
-1693 -2290 
2125 -1161 
1112 98 
-2739 -1437 
-3533 2403 
-1098 1328 
1364 2304 
4870 -2522 
311 -2739 
134 2993 
-2011 -200 
3275 -817 
-2060 -770 
-1950 1411 
511 4353 
-892 486 
-2497 3408 
-1373 640 
2384 392 
-1267 180 
2294 1501 
2174 -2721 
-2401 -90 
-1894 -1641 
5623 40 
1885 -989 
1658 1168 
2034 -1720 
-2230 4066 
-1340 -1345 
197 4481 
1728 -1889 
-2541 -2440 
1511 -703 
92 -4040 
-753 -108 
3846 825 
-369 -2112 
4710 -491 
-1302 87 
369 752 
4900 -2488 
-1852 -182 
-796 -2129 
-3577 1220 
1223 936 
1615 2240 
2987 811 
-446 3343 
-992 -2820 
-687 2025 
3453 2396 
749 -4107 
-557 -6 
939 -1874 
600 -2993 
378 -1710 
551 -1120 
124 2043 
116 345 
3307 -981 
-230 -2068 
-1808 482 
1044 148 
3043 1840 
3177 2175 
313 -471 
996 -2542 
-303 -803 
-1210 1521 
-2027 1055 
945 -2876 
5376 -1207 
2829 1416 
246 296 
5665 460 
-2784 -554 
297 -880 
-2514 -1044 
-1151 -3017 
1114 1636 
4583 -363 
-1853 -507 
1058 -1009 
4217 171 
2715 2655 
-1075 3498 
-618 -2563 
-2591 -2147 
4 3227 
2680 1271 
-1037 2746 
2 2319 
741 1081 
-1166 -1003 
5406 1955 
-545 1533 
-429 2350 
1913 -1518 
-371 162 
519 821 
-1483 826 
259 3504 
-1147 -3211 
-365 1192 
1272 -939 
134 -1805 
774 -5118 
-1170 789 
77 1535 
63 -1890 
-5921 2589 
3040 1531 
3659 -85 
1769 3267 
-2037 1200 
37 -1532 
-3609 2452 
650 412 
-839 -643 
1941 1116 
4434 -148 
2613 1074 
235 268 
1056 -1764 
942 -2092 
-4045 416 
-1834 -3035 
582 -3225 
-1791 69 
2240 2774 
331 -661 
-672 1009 
1269 2796 
1883 -3707 
3117 -61 
-2169 -205 
2553 -1410 
-21 -98 
-1059 1119 
1282 -1449 
-218 -418 
-38 -2597 
2993 -5034 
1723 -366 
503 -70 
1030 316 
-2200 -3367 
1707 -667 
-1602 -6596 
-49 -583 
-956 2042 
-3926 -15 
-2270 -180 
2025 2131 
-895 1004 
-138 858 
1031 3461 
281 -3964 
-379 -1408 
-3312 1942 
1779 -707 
1160 -1753 
-2746 -2670 
-1604 -1066 
507 -1318 
-624 3624 
1890 1070 
-680 3242 
1801 1080 
-1919 -4142 
-121 -2884 
2291 -2448 
-788 -1313 
-4 -1135 
2229 1222 
124 -1665 
-2063 1031 
555 -2855 
-623 386 
-341 -68 
-1809 -1400 
294 -2500 
-982 -857 
-1061 2468 
1446 788 
-2259 -855 
-800 1961 
-1642 -4604 
-105 -275 
-2651 5129 
-3177 -411 
-74 -1834 
-897 2800 
2105 -2882 
1639 511 
829 -64 
-952 1891 
-636 -3829 
2182 755 
1498 -2951 
29 -2746 
-2007 1146 
-537 -1308 
-893 -2760 
-3310 -316 
-1055 -1818 
-665 3085 
-1519 -1237 
-2186 159 
-425 615 
-1586 2181 
1489 -253 
1165 -1382 
-1112 -4346 
2145 1164 
22 1468 
-1017 1644 
-525 -751 
-1955 1777 
-1157 -2384 
-2194 1136 
-1595 -772 
-943 229 
-228 -1193 
-904 -1739 
-2973 -3005 
-64 -2283 
1590 2314 
2398 -722 
-2818 982 
501 -997 
2168 -103 
2998 2402 
2872 -1953 
1528 470 
504 -1338 
1523 2267 
-4007 4677 
-1036 1209 
762 2839 
-1617 -1098 
-2102 -2396 
3327 -747 
2205 308 
1121 -2228 
2076 624 
2071 -1965 
-2612 -1563 
-2306 -1634 
1265 -1840 
2427 -1092 
675 619 
-3146 -1911 
-1058 268 
-1577 -427 
328 -2351 
-4083 -4602 
-765 997 
-2238 679 
3066 227 
1895 71 
-1334 839 
-2308 1444 
-327 -861 
508 1838 
-1461 -720 
812 -379 
1924 -518 
-82 1119 
-865 225 
1611 3460 
1241 -3398 
-379 1504 
105 -1488 
2074 3935 
-1113 2891 
219 -374 
-1001 -4503 
510 -891 
665 -2172 
2131 4409 
1668 -2099 
-309 -1799 
-2311 -1732 
2671 -569 
-675 -2677 
-3634 2628 
3427 -1050 
1094 455 
405 2597 
-4805 -1725 
2942 659 
-952 1236 
-213 -2310 
-2976 1322 
780 -3827 
-2191 330 
-746 -579 
-895 1400 
436 -1076 
371 3170 
4335 2032 
-1380 -278 
-920 -2450 
349 435 
2643 1871 
-1099 -250 
293 1649 
5709 1783 
1816 -159 
1901 2010 
-202 660 
1641 298 
2044 -689 
-730 4537 
-4 -705 
4128 -96 
1906 -2624 
-1990 -3056 
2045 640 
-859 -2158 
-1150 723 
-1228 -712 
2284 4038 
-560 19 
1784 1352 
372 -51 
-1729 2443 
1679 -976 
-567 -1921 
1067 2726 
-130 -1360 
-1344 -5278 
1355 1833 
-3708 -604 
2720 -480 
1692 -979 
2065 1948 
-287 2096 
2861 -714 
-639 -718 
2625 -1541 
600 1604 
-783 -333 
-110 53 
258 -2019 
2514 -1180 
-2782 -257 
895 -2873 
-599 -354 
-378 -845 
-239 -1922 
-1280 3453 
-230 1292 
-389 2085 
-1003 -2557 
1023 1191 
-334 -570 
488 -920 
-1179 -1162 
272 260 
-338 1153 
4425 -555 
2029 -1771 
260 -1902 
-3078 971 
4451 550 
-1267 3352 
2934 2588 
503 1472 
-2832 4283 
2530 2032 
4400 244 
422 -1076 
2718 1073 
785 -1621 
1765 -1270 
-763 2188 
-1120 -1975 
4424 -857 
465 -2406 
250 -2710 
-1004 1738 
-693 -555 
361 2219 
-1823 380 
-1184 -412 
-1763 -1204 
-757 1013 
-1170 1660 
824 -868 
3788 -755 
5471 942 
1208 -1923 
1635 61 
-2011 -2712 
-839 -200 
2251 841 
-1460 110 
1570 1735 
-400 -4264 
-261 1125 
289 280 
-1339 -47 
2104 1043 
436 -2408 
-669 2493 
-3393 3760 
1130 -467 
1457 -1563 
1025 269 
3506 -685 
25 -629 
-2545 -777 
3334 409 
-1008 1651 
-3115 1321 
-3016 -482 
-4990 1337 
-852 -1488 
-2290 -905 
-602 -2789 
857 141 
-2741 -3171 
-1851 -3932 
1570 -922 
48 -1461 
1875 -441 
1275 1225 
1319 1513 
-2159 1404 
-136 -171 
356 -279 
497 -314 
-159 -373 
779 -4068 
537 -1282 
-3743 665 
993 2931 
-1328 -2008 
-1565 -4482 
2415 -2463 
-1559 1790 
-731 -2246 
1929 2860 
1623 -3888 
140 -5302 
-463 2062 
-1433 -606 
248 3241 
-429 -487 
779 810 
-936 775 
1959 1150 
-3872 -508 
-356 2343 
-3302 -339 
2663 3637 
-567 -1487 
272 -2807 
1444 -2655 
-2026 3270 
-3187 -3092 
142 2846 
1294 -1321 
-1345 -5071 
-2332 722 
2659 -880 
893 -1579 
2360 -2845 
189 919 
-728 -539 
-1130 -2431 
132 -3899 
3360 3268 
-323 3050 
3746 652 
1417 -4923 
-3168 -3259 
3504 3169 
1513 2528 
-34 -1253 
4341 -577 
1103 707 
1430 -4120 
-1051 -459 
3517 2246 
-2251 965 
-2574 -1477 
-3147 3342 
-4272 1478 
-1135 614 
1971 2412 
-2998 1650 
6889 116 
-46 -1682 
2864 1315 
451 -814 
3170 -2116 
1629 485 
-817 -2136 
-1508 1380 
1097 443 
-1072 4562 
3012 1628 
2451 2002 
1266 475 
2413 182 
3410 -1312 
342 -23 
-2655 834 
-422 -2898 
172 -1024 
1055 290 
1068 -1710 
-660 1808 
2134 1098 
4936 3572 
-1620 1175 
2377 -2332 
2260 1257 
1135 -352 
1216 816 
108 2419 
-2399 -619 
-3973 -1894 
571 -634 
3132 586 
171 -3019 
-1318 -2262 
-678 243 
4030 237 
52 1005 
1010 -1072 
1548 1391 
393 1565 
-2308 -1856 
-2357 -1237 
-818 1660 
-398 -2759 
-2524 -2842 
1870 4010 
-469 -2160 
946 -590 
-3550 1755 
1160 1313 
-1347 1399 
965 -2028 
-53 -2755 
-126 1113 
1868 2686 
-3062 677 
3036 2550 
948 1477 
-1220 -728 
1226 -2046 
740 445 
2222 686 
2322 556 
-5 -119 
-13 -1147 
-2893 -773 
-2027 -574 
-1289 780 
-833 1823 
-6923 -1052 
2230 -691 
-1631 -1596 
-889 98 
-902 -501 
-2190 -1687 
-1948 -675 
-125 -3712 
-490 1681 
-488 2603 
1849 3639 
-1551 -1973 
3109 -196 
-1399 -3734 
-708 2145 
-786 -1723 
-3187 -2940 
-644 -2282 
2783 1371 
-3069 -866 
-1940 -796 
3768 3933 
-1647 -2754 
-11 1513 
1306 -5184 
-471 2970 
2487 -2480 
257 -1360 
158 -1632 
1965 -1017 
254 -2203 
-1131 -1402 
-1920 2488 
-2855 -769 
67 -929 
-196 2466 
-403 591 
-3210 289 
-1737 1382 
-549 -380 
-347 -2280 
121 -5473 
4754 -911 
760 -3039 
543 -1526 
2393 -552 
-1805 -1789 
3620 -1230 
-136 -1415 
-300 -3085 
2450 -244 
-504 1237 
1455 -441 
5241 1906 
10 2357 
-1357 -1473 
445 2559 
850 243 
-840 -1104 
3414 -2780 
1267 351 
3165 -2713 
1824 1693 
-2163 -2029 
-382 -2671 
-1576 112 
-2823 2462 
-31 -2556 
2798 -292 
-1977 2743 
3098 -2130 
-897 -330 
2419 -755 
-1010 2442 
1578 -401 
1001 -2834 
3290 -3206 
-64 -1336 
-1760 -3898 
-4568 1968 
2136 968 
3077 2007 
-1562 1837 
2333 -1789 
1178 -225 
1504 2363 
1956 -1016 
-2518 1494 
-1034 1529 
-690 850 
3672 -1481 
-1993 -1323 
-1995 -2445 
445 -2467 
5190 2751 
2619 -1267 
2289 -934 
-1819 -1644 
1571 1237 
-925 -3171 
2835 1258 
-2887 -858 
2189 568 
-2893 1163 
1109 -465 
-1139 5661 
304 538 
-2410 -2854 
-323 321 
1210 3006 
-2713 2689 
-208 1009 
-2297 -1562 
4584 653 
-65 304 
5155 1144 
318 -2569 
3638 -1237 
-2613 -1976 
589 -3240 
1912 2367 
-1954 2141 
96 -2651 
-520 -834 
-4600 -2724 
3977 -327 
-2916 846 
1192 -1056 
131 -938 
-2773 884 
251 740 
169 -720 
735 514 
748 -1843 
-1074 399 
-2123 -245 
1156 -3399 
-826 -911 
-1415 2762 
1037 -2495 
4701 -1589 
-1553 604 
-3353 2266 
1290 -23 
1060 -284 
1576 -1231 
-2340 -3172 
527 355 
-4199 770 
718 2960 
-2711 -1984 
-885 -1798 
-3495 3023 
678 1844 
1055 -512 
938 1953 
-40 -905 
-1002 2133 
1661 1715 
-1545 2187 
193 -930 
-3459 3597 
-995 -653 
2684 244 
-929 198 
-3820 1274 
-1272 -1101 
2500 2270 
1852 973 
1608 -12 
-156 3342 
380 1025 
1310 735 
1030 -713 
-3171 1671 
-722 -161 
-1386 -1155 
-3164 -453 
-1082 -195 
-864 440 
-377 -2856 
-107 2885 
-335 -2576 
3369 1962 
3110 -2371 
71 -858 
2638 -881 
-755 -124 
-1015 212 
1313 10 
240 445 
-1134 -1551 
-3719 201 
-605 -1706 
3742 -616 
-642 441 
1094 -1109 
1634 -627 
2713 -3870 
429 999 
866 -1767 
343 -5058 
-2737 -1492 
2470 -1615 
-556 1526 
-614 2419 
-864 1722 
3405 -129 
-979 306 
4329 -10 
1489 -630 
-2052 -2200 
-134 -1755 
-967 -60 
2439 -4329 
-675 854 
139 -1107 
420 2818 
-1838 -689 
-4451 3092 
-797 -2838 
-3562 1360 
-2178 842 
-909 537 
-3768 -2960 
2629 -581 
-4619 2046 
373 -673 
-2699 2360 
595 -2093 
2391 -2310 
-1354 3951 
-3075 101 
-2758 -220 
5278 -1552 
2035 585 
1805 3605 
-3169 -342 
-901 -2841 
-1807 202 
-59 -1640 
-2857 1511 
536 2147 
-952 -1206 
3020 2434 
-523 192 
-1145 -308 
1418 462 
-461 -1339 
-3440 -840 
-4752 579 
-210 59 
3079 -2428 
1320 -1688 
-902 936 
1876 173 
-2062 -330 
-1715 1023 
116 -1099 
-3567 1235 
-73 1614 
1705 987 
-1529 22 
789 704 
-589 1015 
3601 2388 
-1198 -892 
-685 -275 
4456 -2313 
-3964 539 
2118 -1444 
-1825 -200 
-2729 -968 
619 -898 
-904 -131 
2757 568 
66 -192 
-2435 405 
-663 67 
4550 3537 
-2251 -2826 
-2185 -681 
3407 -154 
-1315 -5745 
-242 1961 
-411 1714 
-774 -2660 
-3668 33 
32 -4208 
-3874 -1236 
1900 2517 
-1004 1748 
-2145 -2613 
-2277 -1193 
-1901 1853 
408 1769 
-2150 660 
1625 640 
402 1116 
-745 1725 
1446 -947 
292 2049 
118 -372 
-1819 -2343 
-127 2293 
594 900 
401 -1435 
-652 578 
2308 320 
-1975 2361 
-2010 -2028 
701 4609 
3389 -2006 
289 -1425 
762 2857 
-1100 -2194 
-2254 -2555 
-1774 -123 
2998 -1085 
-3446 -1516 
2777 -3099 
431 -1250 
-25 -1009 
735 633 
2368 1594 
-2089 -3934 
-197 -1106 
483 1660 
1278 1657 
943 382 
-302 1993 
-2228 1783 
-1833 -114 
790 -135 
508 364 
5281 412 
-1156 -2084 
-424 -214 
2098 -1526 
928 950 
2515 -611 
-1013 4069 
1557 1394 
-3598 636 
3972 1968 
385 414 
1215 866 
697 3793 
2389 -483 
-1381 -164 
2399 965 
1432 2071 
3403 -2691 
-894 -788 
-3142 384 
-1745 1432 
-681 -1106 
116 -5378 
-2820 -1015 
-3072 1419 
-1947 292 
-1860 -1300 
-818 188 
1436 -701 
-690 -3985 
2485 566 
1817 1655 
-319 2015 
-660 507 
-2110 219 
-1014 -1805 
3982 -1676 
-456 -1758 
1903 451 
1897 169 
673 -928 
631 4337 
1433 -1358 
-1382 94 
-2144 -1252 
474 -1699 
-3852 -214 
-979 -56 
-791 -3424 
2333 445 
1057 1679 
89 639 
612 -949 
-539 913 
-172 1975 
-686 -841 
593 3051 
-171 148 
4247 -4624 
4239 -2531 
1470 1427 
2032 4949 
1670 -1755 
-1838 478 
-993 3103 
-712 1891 
467 2753 
-396 407 
433 1556 
-4310 -287 
-1005 289 
1990 5 
-1017 3773 
471 -971 
-1224 119 
-185 126 
2666 2650 
1153 26 
1171 -2127 
207 -1929 
83 -1288 
-4402 582 
1109 -3485 
-661 -1736 
570 836 
3 -2439 
-413 -1125 
-1040 1134 
4342 4192 
-649 -3683 
911 1004 
1751 -1532 
433 -858 
106 970 
863 338 
-2023 1742 
3826 -2261 
-2126 2141 
1731 -1715 
2240 -3192 
1347 91 
1106 3250 
3468 3214 
-1129 1425 
227 -1803 
3342 -3035 
-3074 -1288 
1966 487 
4270 -1620 
-128 -2490 
-1905 1262 
3892 -1341 
-4085 635 
-1961 -3608 
-1027 4515 
-938 -2848 
803 -2749 
2423 -388 
548 862 
-369 -2773 
-1165 -813 
4150 2320 
1229 2606 
-1661 -2360 
1403 -501 
-661 1777 
1102 -482 
-821 -1060 
-1070 -139 
1999 -2146 
2179 3428 
1924 233 
-387 -498 
3559 -1605 
2860 44 
-1535 1502 
-324 2525 
142 987 
-343 2674 
1912 1841 
-2895 -2441 
2082 -1226 
2110 121 
3386 -2741 
2909 1707 
-2179 -31 
147 -460 
1172 -2978 
-151 3026 
-4053 -3970 
3904 -1295 
-1052 -3376 
-612 3989 
-567 -1478 
-1863 -3207 
1974 3227 
-1245 2282 
-1256 -544 
-212 -628 
2663 -1134 
-2852 -1206 
-1873 2312 
1346 292 
1087 137 
2711 -496 
1128 -2160 
271 250 
-178 6071 
2683 1471 
-1532 156 
-1763 -1252 
1161 -6025 
-2892 3284 
2719 -563 
-1334 3634 
-4411 -171 
-1113 -2246 
-2830 10 
-2578 -45 
-3564 1379 
-98 -128 
-218 1691 
-620 -3607 
-875 1142 
-3488 831 
-308 -1897 
4076 3280 
3567 -2017 
1087 -3739 
664 -118 
1328 -2045 
-1171 -1519 
5002 291 
-899 2863 
583 -95 
1150 1409 
-1309 -146 
-530 1639 
356 -3563 
3494 2272 
4060 638 
-2425 129 
1463 -1648 
-2281 -793 
320 1364 
1188 1652 
1385 -1851 
-1258 1625 
148 -1243 
-112 -1331 
2722 522 
-565 1865 
2140 -702 
4023 312 
683 -1967 
-596 2804 
954 -765 
2152 136 
-251 -421 
1018 536 
-3433 1621 
2345 -252 
-4974 807 
-2342 3832 
-1965 1459 
1540 -1528 
-2253 577 
-2116 1604 
-6300 52 
599 -1340 
-1935 124 
2356 4610 
-1044 757 
4285 -509 
1745 3645 
1760 2298 
-5105 -715 
-627 -1283 
3406 1512 
-910 -2880 
-1178 -1085 
-1015 4580 
-5485 -1760 
-211 52 
30 -733 
3697 2752 
808 -1575 
-2724 939 
169 2149 
2282 40 
-3681 3000 
400 -730 
-3021 -1800 
1646 -865 
-895 -2304 
-3322 2345 
1906 3871 
-283 -1021 
-1162 993 
1400 -4184 
-929 580 
-1865 2311 
2573 -515 
592 -3102 
-683 -2156 
2251 -1500 
-886 453 
-388 2304 
541 1838 
-443 -2853 
-2844 1700 
-1569 -1219 
941 -220 
-1830 -721 
-1630 -2541 
-3880 -3327 
1640 1209 
6 2420 
-4684 -111 
1055 -1427 
2349 -123 
-1937 1324 
-189 -2504 
4761 -2752 
-756 1 
2851 -2356 
-2841 -293 
1304 -3098 
4332 790 
-49 -587 
-5020 -13 
1804 -2496 
-4412 -2709 
-1395 -2303 
406 -2801 
2757 -934 
2021 1000 
1632 -1984 
-32 2359 
1047 -2171 
-2885 -2573 
500 -2869 
-1073 -25 
-258 -1183 
-1733 2111 
-3500 2466 
181 -674 
-2574 2639 
-1684 2607 
-73 166 
1470 223 
1376 2135 
-1847 -1906 
1458 -3626 
767 -201 
513 -631 
-2045 -3584 
-964 -1726 
-707 -3158 
-252 2335 
258 -3033 
1626 1926 
-3242 -2358 
-720 -16 
-2025 -4183 
654 -66 
-1788 -2335 
2865 -2086 
1162 -1488 
777 2068 
754 2728 
-2887 614 
-677 -62 
443 -536 
-484 1945 
1219 3613 
1961 1670 
-337 955 
14 -740 
-4489 -3177 
1751 -647 
1890 -913 
680 -1061 
1013 -1376 
3132 289 
-1989 1315 
1108 -5062 
350 382 
1700 2928 
3320 -4339 
1653 -2345 
-1574 -961 
-2139 -202 
917 -1228 
-1303 -796 
-1352 -2873 
-1053 9 
-75 1321 
-459 31 
-3228 -170 
147 2627 
-3244 197 
1179 29 
1871 1039 
5147 654 
-2075 -361 
2149 3413 
-860 -184 
-1063 3741 
-368 -1028 
404 905 
-900 36 
-1268 -1382 
-2018 342 
-1003 1106 
-4109 -758 
428 1360 
-1589 117 
-1859 2239 
-828 487 
304 681 
-242 1358 
146 3863 
-811 1253 
-1182 1841 
-5381 274 
2882 1196 
-1625 -587 
475 -1551 
-1088 -1981 
-2281 2394 
93 -215 
-882 444 
-2147 -6 
-2223 -1850 
381 -38 
1501 4072 
1403 -616 
1091 2868 
-4028 87 
-1382 -1143 
-105 -310 
-1647 -541 
4852 -3578 
1110 -3144 
-3809 -2495 
-1230 -2547 
1024 -50 
-69 1857 
2803 -2896 
3125 -2506 
1321 548 
104 311 
-575 -2499 
-3338 -1660 
-116 1565 
-133 1033 
-2042 -1801 
242 -416 
1537 -2114 
179 1509 
2196 -1699 
-2841 572 
-210 1984 
-253 -822 
200 1556 
-225 -3620 
-2612 -677 
3585 -2374 
1526 -2189 
1075 -919 
2559 3905 
-2024 -709 
-146 -2047 
-2525 1818 
-5311 622 
1396 2574 
-2561 -716 
-748 3237 
1552 -580 
581 1370 
1578 860 
-2256 3343 
748 1737 
-769 -1482 
-2127 1256 
-162 2149 
-1880 674 
-231 -1703 
-1406 -285 
1551 1015 
-2263 -4011 
210 3909 
1581 -349 
-386 2288 
-544 -2158 
-1268 1445 
3485 6408 
-288 -3356 
-2638 -913 
129 -407 
3856 1629 
2054 -2970 
-510 650 
269 511 
-1741 -1511 
-3083 -1673 
-3042 274 
-3318 668 
1242 1394 
-673 -1893 
1012 -528 
-3262 907 
2628 405 
-738 -22 
1899 -1996 
-526 -1007 
1040 -429 
-1562 -316 
889 -1646 
-2290 -313 
1592 163 
-2799 -2257 
-2448 -2903 
-16 -3642 
-1446 1640 
2744 3807 
-2137 -1080 
2250 -429 
-1004 -2468 
-1942 -944 
-997 -1090 
19 -3889 
2973 126 
-57 -902 
371 -581 
646 2439 
-330 -111 
272 -445 
4019 404 
-2090 -783 
1996 1385 
5482 1662 
-116 1499 
4056 -872 
1501 -2039 
-1742 -449 
-439 1626 
-1840 -1405 
75 1463 
-345 -1576 
3869 -768 
373 -1555 
-2532 2321 
2704 1294 
165 -723 
2022 1134 
-1398 -1991 
4423 2273 
2413 468 
-2058 2176 
-1123 2232 
119 1593 
3349 -48 
-515 2275 
-1611 933 
4852 2220 
499 -2003 
-3629 -697 
280 1682 
-2241 -591 
-201 3069 
2424 -1535 
-1603 -1580 
924 -1226 
-422 -4551 
-2187 680 
399 1750 
-1105 -2171 
-1127 917 
389 457 
1547 -494 
-1622 -376 
-2095 2351 
1056 -1158 
-652 3985 
-455 -889 
-689 -366 
-206 1560 
2511 276 
-184 2617 
-1639 -737 
1728 -101 
14 1556 
-3817 1658 
-3542 457 
-1946 -1091 
2035 -956 
-2516 2302 
-1248 1438 
-1757 80 
1357 -1252 
1450 -1585 
4170 1694 
-8109 2336 
150 -1942 
605 1382 
-1478 -181 
287 219 
6273 1869 
-620 2076 
-78 1566 
1548 -1219 
-12 3198 
-253 -653 
2244 -397 
377 -291 
166 732 
2980 2712 
687 -4248 
2099 -231 
2990 -335 
-3373 -881 
-1521 3648 
-288 -1725 
-3462 -2090 
-756 1803 
96 1217 
2554 -1813 
-2416 -1745 
968 3208 
856 -2153 
489 -59 
1850 -1262 
2589 1326 
2716 -3467 
-1797 -571 
501 -2962 
701 682 
1206 -1921 
-4073 2958 
1646 -626 
-268 1146 
-3773 850 
-6442 28 
-36 -609 
4265 -1546 
-344 1594 
2794 -1810 
-676 -4485 
-2427 1210 
-1420 -1216 
-4624 -2118 
1327 -2197 
-2856 -1594 
1401 1420 
-2993 744 
1906 3 
-1227 -2969 
-3319 -2615 
50 1791 
-1034 -2719 
441 8 
1419 -427 
2397 -5854 
-1069 2582 
3129 -1163 
-101 -2631 
-927 1371 
3454 591 
-2828 -1015 
1450 -2158 
-2368 1910 
-1276 -2330 
-2074 909 
-251 536 
747 -241 
31 3909 
367 -1256 
775 -2852 
-1775 1876 
428 -1329 
-326 2038 
-3319 2262 
1140 2345 
-1547 2756 
2165 -872 
5807 -4384 
587 2189 
1933 2324 
-1261 -4037 
-2465 2874 
-130 1988 
-1732 4688 
166 -402 
1112 2611 
120 -259 
1981 -2925 
2881 534 
-214 -1151 
1634 3286 
-2894 -438 
-2528 558 
771 -442 
6243 897 
-2060 -260 
570 3253 
-844 873 
1151 -325 
-1726 689 
1688 731 
-2959 289 
5494 -1124 
-2423 -1957 
-3454 -809 
-122 -15 
306 4047 
2322 1139 
-114 -2776 
1691 1850 
-526 -115 
3864 -1715 
-493 -377 
-2375 2012 
1542 1424 
820 -1023 
-1406 635 
98 -1597 
5523 -1267 
-1378 -969 
-1597 201 
-325 -26 
-634 3362 
1550 -2293 
-2124 -649 
4634 -2010 
1142 -2899 
2645 -2449 
1206 1064 
-5711 5043 
4402 -692 
636 -3585 
-3247 2176 
1062 1882 
-2753 -363 
1705 2404 
1771 581 
1643 807 
-381 5432 
-101 536 
360 1079 
-943 -1488 
-575 -462 
-1634 -1646 
-2650 1563 
3457 -3666 
101 114 
-1184 -1162 
1853 -2872 
782 -345 
1721 1242 
-3013 5766 
-2333 -2904 
-3532 -2634 
-20 216 
447 -2102 
2235 -1226 
359 -1524 
669 770 
-795 -89 
1305 -792 
626 -2819 
1263 -999 
159 -1070 
-2119 630 
1714 -1272 
3121 1693 
262 -1809 
1754 1944 
784 1083 
487 2040 
-512 2748 
666 -3399 
-1342 -1506 
985 -872 
1015 3991 
-2201 -1783 
3365 3002 
-1035 -1314 
-2680 1094 
2911 -753 
2014 2664 
3098 4634 
653 271 
1477 923 
2046 641 
2986 -2547 
1649 263 
3323 -1818 
-3276 -1610 
270 -5037 
-1301 523 
240 1215 
-701 -1117 
4245 -1794 
233 -719 
-712 -451 
-2529 -1052 
-1339 -1168 
-1169 -1313 
-587 -2345 
3744 2843 
1006 882 
759 2199 
3518 -854 
2430 1180 
2166 1354 
2119 -4529 
641 454 
-3652 -2079 
1056 135 
-801 3431 
-3278 974 
2085 -427 
1119 -427 
1525 -4283 
-434 -638 
-170 -2738 
1874 305 
1697 2093 
-2462 -2531 
159 -2870 
-206 -260 
1132 819 
2240 777 
-1538 -1967 
279 1088 
2883 -889 
1131 1066 
428 4328 
-472 -2799 
3885 1884 
2275 -1583 
2134 4068 
2304 -1105 
93 -4226 
-2343 -248 
-677 -2894 
311 735 
-282 83 
-4539 -549 
3078 2051 
2264 351 
3384 -1242 
172 3451 
268 1946 
-134 756 
3279 -1379 
-4928 2200 
1884 -1832 
3093 2318 
241 2345 
-1255 -1494 
-1569 -4523 
195 1823 
1896 2224 
395 843 
181 -1177 
3400 555 
-881 266 
-181 -1628 
1003 -1372 
-12 1638 
870 853 
-419 35 
1258 630 
1080 -547 
-791 246 
978 1251 
-1987 -4465 
448 770 
-1432 -88 
1412 -1966 
-1785 3244 
-2318 158 
-573 2037 
509 1269 
3300 3728 
-2003 557 
800 3417 
1693 -527 
609 172 
-2002 5584 
390 -1958 
1780 -1153 
-1968 4168 
-1109 -880 
718 -190 
-824 565 
-2964 -615 
-445 1645 
-177 -3411 
1369 330 
1282 -1042 
2552 -887 
740 2180 
-1317 -4239 
-2728 447 
1895 -3669 
3708 -576 
-1280 -1536 
-35 -516 
954 1036 
459 -424 
-1582 -176 
1013 636 
1018 -162 
178 -1447 
-698 -50 
-402 2782 
-22 166 
1818 -3 
-526 1815 
-354 -196 
2993 415 
403 329 
2818 1756 
-1095 -1386 
2833 5220 
1694 79 
-391 -2153 
-1771 1820 
577 2817 
-3871 -2631 
1009 -2026 
1053 2290 
-972 1782 
1535 64 
1041 -2202 
-3213 -664 
2214 -2018 
-460 4163 
-1299 -1485 
-799 -390 
100 -984 
2047 -1082 
3117 2230 
-3775 1834 
473 1851 
-1053 4033 
2414 -1377 
972 -140 
-1462 -741 
-3867 819 
-2979 -1868 
62 -2175 
-3801 581 
-1466 -1050 
1004 -2664 
131 -792 
2788 -845 
2431 -2876 
1839 1879 
1097 -240 
3738 1301 
212 -1165 
-42 3530 
-85 -126 
-1128 -3223 
-3087 -3721 
3445 -751 
-253 36 
-2094 1409 
-2999 -2345 
-2149 -2310 
158 1013 
-874 -790 
2852 384 
-2380 543 
-2654 -620 
2323 -1339 
2553 -3882 
-1104 3040 
603 2370 
2013 -441 
2232 -5418 
780 -1037 
228 1778 
4133 -1333 
-671 690 
2018 937 
274 720 
3274 3327 
402 -1238 
-3036 2173 
1509 -2069 
-176 2740 
1469 1096 
-206 2535 
814 170 
1501 960 
-2077 -1656 
2875 -2108 
-813 -91 
-2287 1862 
2801 -1597 
-2426 825 
2106 -1456 
690 -2186 
-2256 1548 
1512 -2765 
-3360 -17 
761 -1638 
-2793 692 
1045 1911 
287 -1347 
1746 -3150 
2027 3065 
-231 -1832 
-2420 -415 
529 818 
-1366 -2727 
788 240 
1854 -47 
1539 2310 
-2618 -181 
-2513 1890 
64 253 
1531 -89 
-1375 -1806 
-792 2584 
-1246 -3578 
-180 425 
1856 -3545 
1144 -2283 
-992 580 
39 3070 
1295 364 
-1940 1405 
2823 -1490 
-2451 -113 
1749 -337 
1325 5013 
4617 1080 
3029 -772 
5942 2154 
2225 1142 
-330 -1981 
732 -840 
284 -1952 
-2317 -1125 
2540 1585 
1624 -273 
3626 867 
746 6357 
-2009 -310 
131 4374 
-373 -363 
2811 1866 
465 629 
-2006 -4953 
-541 -3515 
2172 -7034 
36 -972 
1096 -1103 
1874 956 
-963 -11 
-150 2246 
2888 -1033 
3346 -130 
3652 -680 
2895 -1704 
-2203 744 
-277 1342 
43 -2126 
-1016 1236 
-3940 600 
641 52 
-792 869 
-1414 -1211 
2763 422 
-2440 2742 
4458 528 
-1418 -2979 
1362 1241 
45 -2950 
-343 1967 
-931 -301 
-3148 -1526 
2809 -383 
-456 2492 
387 391 
-389 1339 
2220 -776 
-2208 -1147 
-2599 137 
-141 1311 
-665 625 
1937 -1149 
-240 -489 
2224 -2402 
56 351 
1958 -1204 
-2278 -830 
505 2821 
-2358 1688 
-1841 -2479 
-257 -1720 
930 2148 
-367 4949 
-1684 1138 
1062 -1902 
437 -2496 
-2202 -22 
-716 -2674 
-462 3846 
-994 -2075 
4840 2064 
-730 -1393 
1458 307 
577 -1029 
1823 1895 
1824 -2401 
-900 1573 
-2115 229 
-221 365 
-2856 -1096 
55 -118 
197 1957 
-1609 1262 
395 4289 
2639 -1592 
1488 250 
-2044 -403 
-1015 -1713 
-1073 -990 
-2102 -352 
-1149 3202 
-1166 2275 
-821 -1157 
2092 1851 
-445 -821 
1912 1377 
431 -3233 
1415 -404 
-1366 -1113 
826 214 
2609 -2815 
250 18 
2819 -586 
1160 1196 
-1696 2995 
-307 -3589 
-1807 1856 
1260 -1581 
867 934 
-3286 -2233 
1699 2288 
-2315 819 
4302 4129 
680 -282 
1199 -1844 
139 -552 
1081 -3698 
458 522 
38 -32 
2439 2325 
-82 1209 
1046 3014 
1285 565 
-2990 -408 
-1027 138 
466 589 
-483 50 
-1917 -14 
-1162 -1970 
-4941 1819 
1102 -1098 
24 -686 
2708 4906 
-1305 2477 
-1058 734 
3103 2720 
1046 2089 
-509 -360 
1745 -1181 
947 108 
2352 -634 
-3748 3145 
262 1229 
-81 -2139 
675 -696 
315 -2859 
-1582 -2399 
-1178 -2147 
1672 -2314 
-549 2101 
1800 -81 
-430 790 
-3853 -2270 
1456 -1393 
-494 -1441 
125 184 
819 5023 
932 -814 
1482 -250 
-884 503 
3517 -6042 
599 554 
-571 1238 
-2578 -1560 
-1961 1548 
-1050 1517 
-918 -643 
-279 862 
2958 -2432 
588 3446 
3728 676 
-835 2303 
384 2229 
-2041 2115 
-1252 2924 
-465 -4653 
1629 -2176 
-1433 256 
615 2813 
842 -232 
1008 1444 
-1213 -751 
-932 -1008 
-29 -3553 
1011 1733 
-1432 1063 
646 -1334 
-1972 737 
2223 669 
2140 261 
-102 -3279 
3414 2622 
3654 -3224 
1371 -3598 
-4229 -4087 
1797 -271 
1575 -1468 
1412 16 
-1245 -418 
-628 3997 
2248 -271 
-453 1401 
-183 -484 
3055 -507 
-257 -906 
2982 1859 
-730 -116 
-577 1881 
-1886 -2251 
-902 -2678 
-4658 1436 
-1862 2865 
52 -1739 
2033 -1740 
-3363 -840 
-1488 2383 
-1256 713 
572 222 
3762 -1855 
-1491 532 
-2285 -1137 
-2175 -3945 
808 -2440 
-1172 807 
-1221 706 
-179 2012 
3548 2598 
1390 -193 
83 -396 
473 -3132 
-1611 -1427 
3445 -1919 
663 -4285 
-2117 -1374 
-818 -2419 
-1992 -1072 
1700 -674 
1973 -2812 
-3017 4596 
-2832 -235 
-886 153 
-646 -2747 
2455 -1728 
908 -2210 
252 1633 
-747 78 
1633 1162 
-2560 1955 
656 -851 
-1696 -3432 
-708 1066 
-2047 -2596 
24 2957 
2465 -463 
545 -1190 
-1897 -404 
4308 1225 
1978 -1875 
184 -2815 
2149 -2206 
1216 -28 
746 275 
2305 5126 
2019 813 
2731 -574 
-2121 173 
-498 2865 
334 -805 
1321 3299 
-915 3054 
-3802 154 
3456 4047 
-328 349 
96 -1411 
-2272 1111 
2774 -176 
516 -574 
1987 1708 
269 -413 
-5886 545 
3423 3480 
-6031 2939 
1212 -395 
1599 2639 
642 1671 
-2419 1149 
2539 704 
-1436 -2189 
1924 -1083 
-129 -2421 
4742 555 
-997 428 
-888 3226 
11 3153 
-3309 3853 
-2526 -594 
3172 -1317 
2888 -1641 
-118 1152 
1002 1710 
1055 750 
-1195 -254 
269 516 
557 -1962 
196 -3609 
-1781 1997 
-1129 2275 
-2649 -6087 
-2451 -1232 
-3877 972 
-1457 -1380 
3706 -1587 
-2455 1066 
-1330 1903 
-660 1454 
-668 -4165 
-1211 3242 
313 283 
372 -791 
858 -240 
1098 -2684 
3049 -4318 
3706 1536 
-1983 -2236 
-741 1686 
-692 1791 
814 -396 
-1505 -1103 
-1500 139 
-891 2903 
770 -418 
2215 -1284 
-2380 -358 
448 -2050 
-4332 2622 
-1599 -2137 
2583 -2321 
1475 -2664 
2529 -1755 
-939 -658 
1023 -1030 
-3477 3929 
-1035 -853 
-1865 3139 
3928 -4768 
1252 -1601 
-2159 1346 
-3518 2086 
-520 -2589 
397 -613 
2441 403 
-838 -546 
-2395 -380 
2118 208 
2123 2748 
-570 560 
-1788 82 
-1374 -253 
-2311 4049 
-710 -1717 
-1029 728 
962 -670 
-2990 -2650 
4688 2056 
-2141 -506 
-551 4789 
-5007 1162 
3620 -805 
736 -1349 
-3315 3760 
-2107 4580 
-3595 3326 
-2122 473 
1239 1503 
2395 -3539 
-1560 1008 
2636 3358 
-1912 2155 
-133 -1494 
1817 -767 
-1211 238 
909 358 
-2242 223 
1513 66 
-319 -3056 
-2272 -680 
-1299 3019 
-1413 3816 
-1555 1387 
2753 -214 
-1620 16 
-1087 1565 
-3192 -3039 
2446 3567 
-4446 -1794 
-684 -3161 
-904 1362 
-1436 -192 
961 774 
1653 3935 
-1945 -81 
-470 3186 
3806 -2886 
-1282 -15 
1552 -1011 
-358 -2501 
-4114 -4554 
-1113 -1634 
-1280 -146 
-1186 300 
-678 -2013 
-949 -2914 
2579 -4402 
2278 -1141 
89 -1497 
-1102 -1901 
150 8 
684 3141 
-1951 5270 
738 7 
832 1109 
-3699 -399 
-715 -2448 
-2027 558 
2340 -1481 
2022 1476 
1716 286 
3417 -2187 
528 948 
201 2802 
-766 1793 
-239 -702 
71 -602 
-549 -974 
-3048 -1712 
1397 -2268 
-1009 634 
29 -829 
2033 1224 
1143 1270 
-1854 1894 
-2037 -4193 
-639 1976 
-1981 -2362 
1233 769 
1620 940 
-678 -2234 
237 -846 
1523 -1844 
495 2711 
-793 -306 
1485 -1484 
-1417 2100 
704 -4199 
-852 -95 
-326 -2522 
-1360 -1538 
1910 3549 
-581 2501 
-542 -2776 
1519 -3249 
-440 1754 
-1751 521 
-1709 3289 
-1349 -157 
-108 -969 
-657 3063 
2520 -2038 
-1039 31 
1109 -1907 
420 540 
3140 1774 
102 -616 
-453 3645 
-2138 1397 
-746 -1968 
565 -761 
-437 1599 
3434 2084 
-2403 -1322 
-2809 -102 
1877 -244 
-471 -1429 
1162 -1687 
4077 2306 
-1511 -745 
443 1269 
-1616 -3593 
1280 -3949 
132 461 
-1429 -887 
1871 -909 
-998 -114 
465 1 
681 -1008 
-1054 -2831 
-1410 -546 
3933 5253 
2512 -257 
763 270 
2211 -332 
-201 -600 
1224 5265 
-169 2064 
-1852 580 
-3897 344 
271 1476 
1913 207 
873 1736 
633 2767 
4679 589 
400 888 
993 897 
-1491 1667 
-1442 -3185 
4433 -1537 
2156 1935 
-1273 -2338 
-1224 -317 
-1505 -1693 
-2007 -1371 
-987 4552 
2928 2305 
-737 4172 
-535 -102 
-1546 -2898 
-559 -472 
-2679 -3271 
-2720 -2927 
86 1425 
343 -83 
-2741 1649 
-1794 341 
2992 -612 
1036 3869 
-79 1978 
1892 -443 
-879 -3185 
218 -2370 
-2359 -92 
-769 -159 
-1448 -321 
-411 565 
-558 -2883 
1006 1990 
4394 999 
1282 -1176 
1131 -66 
-541 169 
2448 1697 
156 -2855 
-1124 -2190 
1385 2266 
-1124 -1147 
-1593 541 
-4756 613 
4244 -2422 
-1414 -651 
5644 -999 
255 -3685 
2405 -100 
-1767 -3482 
-1859 -295 
-2761 -3031 
779 -1478 
1048 -625 
2784 -1893 
1096 -2015 
1820 875 
-475 691 
-745 -353 
1036 1346 
-3187 243 
106 250 
2613 1379 
2746 1499 
1102 2425 
-3 480 
-1364 -2352 
1235 889 
-5311 -2305 
1315 -717 
-317 3458 
166 423 
5293 865 
481 -579 
1598 -523 
-3 1058 
-1930 -2564 
615 -1099 
-2080 -3018 
1694 2861 
567 1425 
-883 987 
400 2138 
-409 -2989 
-684 -2429 
112 1033 
-2550 -1413 
-1094 -1878 
349 -2032 
-1002 448 
-2366 810 
1482 -1073 
5 4652 
-682 -72 
-1590 1403 
-3039 518 
36 847 
3812 2103 
2586 -42 
-1000 2292 
-1201 136 
-846 -763 
-1606 -843 
596 -1578 
3172 153 
2528 4177 
-253 -1670 
-1628 -1793 
916 -656 
-3763 651 
3002 -471 
-179 -1415 
2457 731 
-901 -178 
-754 2278 
-893 711 
447 -734 
-2889 1146 
-3340 -558 
1617 -2943 
-2670 -1391 
-1846 415 
1543 -2991 
-726 3936 
636 1265 
-290 -2623 
2151 -5102 
2218 -1788 
2720 -2818 
116 -4222 
556 -1972 
-387 -2297 
-2689 -1402 
-653 493 
-1204 -398 
2608 -1890 
-3670 -749 
1711 17 
-1824 -2829 
2759 1172 
2045 213 
2972 -3787 
997 239 
-3204 220 
-4480 -857 
-1771 -764 
1853 -1362 
2170 212 
-3589 1823 
389 768 
-4650 1137 
-820 -2678 
4164 917 
-147 -4932 
702 3430 
4524 -624 
1877 730 
-1241 -4053 
158 -3000 
665 -3309 
-1517 444 
-1325 1452 
-5369 1767 
598 -219 
695 601 
-3354 -3171 
1545 1734 
1798 3098 
-926 1043 
-690 -1307 
-164 17 
945 323 
3833 -2453 
-6324 5449 
-557 2807 
-216 -3819 
1879 -995 
874 1702 
-3257 -3328 
0 -1519 
1071 189 
-2270 -1704 
355 1630 
1448 -1221 
1599 4735 
1863 647 
2852 -2382 
4206 42 
-1209 3596 
319 -2188 
2119 -4005 
-1581 -801 
-845 701 
-2588 -4315 
1214 -5094 
4688 -530 
250 2298 
2001 575 
-2693 -1232 
654 -217 
278 -2786 
-3076 2895 
-3030 379 
-283 762 
231 741 
379 -1028 
-2188 -3330 
-1256 -1161 
-462 -934 
-623 -2359 
611 634 
805 -1678 
147 -849 
668 -4402 
3310 7 
1767 1346 
-288 -136 
-1553 4319 
289 -1899 
-1392 1274 
1839 67 
-62 1802 
-969 -3516 
1351 1923 
-2327 -1308 
1456 374 
1129 1509 
948 1290 
87 -4209 
3448 687 
-1789 -1560 
1640 2541 
1295 707 
2140 532 
-261 -3397 
-4470 -3734 
376 1089 
-1881 -722 
811 2646 
-1055 -1201 
-181 189 
-1885 131 
2537 1298 
267 -333 
877 3905 
-246 -391 
365 -1301 
129 -3239 
588 1685 
-4221 1979 
6362 179 
-2544 1957 
1369 -2798 
-1270 -3181 
-2213 130 
3141 2460 
-2614 387 
-3175 1088 
1127 -454 
222 4344 
2738 -485 
1828 -861 
4846 593 
1103 2101 
696 1866 
-1354 1167 
-482 4406 
-436 -2854 
1421 -1077 
-4572 -1897 
604 -295 
1738 -1629 
1472 -1553 
183 2991 
-1594 -448 
-1450 1260 
2947 -1766 
2264 2778 
817 880 
3421 -720 
847 3003 
-477 -183 
-3771 829 
2036 -995 
-2422 683 
-1695 -780 
1134 2654 
864 213 
-1870 -2870 
-274 -1430 
-938 -691 
-1737 952 
-4129 888 
914 -192 
464 610 
1015 -1794 
3818 -1268 
-2001 997 
-104 668 
5081 -777 
-3455 -890 
-342 166 
207 681 
-2427 0 
-1420 3052 
-7311 -1795 
-566 16 
-3575 2135 
1563 -190 
-83 1674 
-2324 39 
2381 1506 
2459 -1019 
404 -808 
-1163 3294 
1977 2339 
-1602 -310 
-62 2531 
1299 -2996 
2772 302 
-509 2712 
-446 -112 
3499 -2314 
2066 -4120 
-3081 1356 
-863 475 
-1101 -1413 
-223 -4002 
1019 -316 
1426 1043 
-1323 823 
-1114 2596 
1084 -2012 
-978 868 
-1925 2557 
892 1069 
784 -1626 
464 771 
1517 -1691 
1216 -3 
2468 64 
-5056 -1867 
-1063 -2542 
-2580 -509 
-2538 -4878 
-953 1930 
2186 1306 
1077 113 
1160 29 
1663 2197 
-2671 -2960 
-1498 -626 
3443 -603 
-3097 2353 
319 -1434 
832 -1620 
-592 1633 
476 -187 
2508 -448 
1134 -102 
-676 545 
764 -608 
-2698 -1159 
2461 309 
1676 -180 
-331 -314 
3987 258 
1662 -832 
2649 1131 
-1497 -2952 
-1924 -3025 
-1803 857 
-1030 -119 
1181 5475 
308 1590 
1281 -2746 
-1923 2935 
2054 3736 
1739 2254 
-501 -698 
462 -601 
1210 3611 
847 95 
3410 552 
2377 1438 
1248 5903 
-156 -1692 
449 1668 
-1531 1168 
-2853 2373 
235 1491 
-1253 2682 
-2586 787 
-1805 -730 
2026 811 
699 -3056 
1129 555 
1186 208 
-4566 -832 
-1822 -1574 
-4398 383 
4287 488 
-1756 2560 
-3430 -967 
-947 4300 
381 -530 
216 -1679 
2148 2531 
206 4849 
-619 -1512 
1186 3314 
-106 -1205 
61 198 
3686 -1389 
-3131 1773 
-3325 -784 
-2082 -304 
2809 1504 
388 -2771 
-953 3477 
686 294 
1980 2577 
4277 -966 
1560 -1433 
-2560 -937 
190 -2916 
174 1034 
95 -316 
-1108 -1552 
612 -741 
3791 1747 
-631 -2910 
-413 -2522 
-956 364 
-802 356 
2120 606 
1032 3432 
-274 -1784 
-3011 1208 
-888 -9 
-2964 -2267 
-1627 -414 
-803 -3323 
305 -1939 
1270 -5573 
-2023 -1478 
-264 2048 
-1636 -253 
3881 2099 
-3360 -209 
2570 -665 
-1905 -150 
2814 -1918 
1007 1695 
1618 106 
695 1811 
-3567 -1490 
800 216 
-3025 -1753 
5162 -165 
880 1789 
593 688 
4714 2274 
-4269 42 
-1152 -1462 
164 1420 
-1049 -391 
2178 -1463 
-213 -2353 
-673 785 
-1443 2201 
-1127 932 
2287 2127 
3287 -3249 
2896 -727 
3898 -197 
2070 2385 
1285 -876 
-1318 728 
-196 -2648 
1199 1011 
2813 -1043 
3147 1694 
-717 2235 
1015 350 
2955 -1744 
-389 2540 
-2412 2261 
166 1027 
164 598 
-2069 107 
1707 -3703 
-4687 -983 
-1454 3591 
-744 -3064 
-539 1572 
-1206 -2887 
276 -210 
3749 -1838 
681 -3801 
-2194 -431 
-1828 220 
2493 -234 
979 1047 
-1842 798 
1022 -2795 
-2785 634 
-1025 -2001 
-55 1480 
3293 -3273 
1120 -4040 
3006 1487 
1091 -3243 
-3315 -3235 
-439 -2513 
3048 514 
-724 1040 
-1570 -1899 
765 267 
-2948 -677 
1065 218 
2668 622 
623 457 
262 564 
-2927 271 
1351 -421 
-4867 397 
822 -1256 
-2964 -1280 
-298 -76 
-775 1368 
-245 -6256 
613 -2095 
388 2591 
-1906 431 
-2280 -2976 
3593 -943 
-124 -1084 
1756 -4065 
-375 1721 
1363 -2305 
1680 1313 
535 -1670 
-1373 -1311 
-2268 2648 
1046 -641 
-2495 1316 
-3637 -1407 
-827 2929 
3272 1598 
29 -279 
-3004 1645 
-1622 -286 
-101 -1893 
-2575 394 
3423 1755 
765 538 
-181 -21 
-139 -1933 
187 -1514 
4172 -331 
-2151 2469 
1874 2312 
2156 828 
326 2108 
-5252 -377 
-525 -338 
-447 3818 
550 -2216 
-1610 715 
2327 -1390 
-1981 2044 
-249 1197 
-3321 3292 
-587 -829 
2058 1029 
3339 2649 
1331 3201 
-827 -1804 
-825 4365 
-3859 1635 
-2275 186 
-2281 2581 
-3833 -1732 
-2673 1365 
1540 1782 
44 -614 
2043 -1031 
3064 2051 
-2781 -1069 
-3317 3080 
-1889 1827 
815 467 
-448 -3581 
-3 569 
36 334 
2697 -1049 
714 657 
-83 3479 
2016 129 
296 3182 
888 -2866 
-3425 408 
24 -1755 
1764 -3381 
-1873 -424 
-1240 -3169 
1012 -799 
-2620 -128 
616 -509 
154 56 
575 -3136 
2358 -393 
-2066 1085 
-46 -949 
2975 1014 
546 -1944 
167 2950 
-5064 -789 
-2426 2732 
5005 -1858 
-654 118 
-1385 1532 
-689 -2814 
-3799 -1022 
-1361 2494 
-1869 660 
373 -81 
194 -2247 
-1676 747 
21 -2413 
-418 249 
2865 -733 
248 211 
2728 -1540 
-2576 583 
2184 447 
1704 -4558 
1430 75 
-3711 190 
-3150 -317 
-1867 537 
-1802 -3159 
-1549 -1955 
-3689 -3639 
-1049 -533 
1710 775 
-943 1079 
2583 -1357 
-1711 -2202 
-1894 -3312 
3985 1622 
2747 -991 
1399 -4690 
2181 639 
-3120 -1705 
69 -689 
2139 -778 
720 -1897 
-449 -1945 
262 -1182 
924 2820 
285 -536 
1203 -1526 
1425 1806 
-1961 92 
-614 -470 
1113 -701 
920 1119 
-1459 1090 
-418 -736 
-2844 -1185 
-53 2529 
3199 2825 
-1144 932 
133 1879 
-2360 -1320 
-4313 -2443 
-1852 1835 
169 2230 
1697 -230 
-3399 4 
1877 -2120 
610 2791 
-149 -1563 
-1604 372 
-1652 -1231 
-1840 -2306 
2827 1877 
-1170 3633 
2295 -1755 
-2439 -1696 
-2778 2189 
181 -2757 
2780 -3901 
-1476 -1747 
-412 -533 
396 1107 
-1761 -527 
3084 360 
-2660 -2043 
-3658 690 
-376 -3627 
2940 4581 
696 -1408 
635 -1893 
796 -947 
2498 -1763 
-1160 3756 
-1840 378 
-1680 887 
4132 1507 
3423 -2666 
-981 -3101 
-788 168 
-13 -5133 
-1232 1872 
1089 1948 
-163 1973 
2354 1820 
-2856 -926 
3593 -476 
1109 -3084 
-3070 -4057 
-5149 2911 
4281 3789 
-1690 -1405 
3420 -165 
-515 -1869 
267 -610 
1710 417 
412 400 
188 -2068 
-1648 -1472 
-1087 1690 
387 1152 
-853 826 
-1914 945 
-1562 -1273 
2885 759 
-1921 -2576 
3383 1591 
-1081 -3812 
-979 -424 
3047 -2933 
236 704 
749 -1069 
-1590 481 
-2464 -111 
-24 2133 
-1317 -2341 
2478 1289 
-1840 -1714 
-926 -60 
-1072 806 
824 819 
999 -275 
-1161 1335 
-1098 714 
-810 629 
-4125 -3029 
-21 -818 
-836 -3040 
738 -210 
871 -1078 
-808 1243 
-1526 -625 
-3812 -472 
38 -533 
-1178 3288 
1848 1046 
-728 -2700 
812 -3482 
1631 -1486 
-1419 210 
3116 -1053 
-1463 -723 
-263 1330 
533 1141 
-28 -1392 
2000 1813 
-346 -1874 
82 -1449 
-3499 -966 
-37 -294 
-2169 -767 
-628 3046 
-1261 287 
-369 2280 
-2793 1684 
1217 -356 
2067 3359 
3048 -1801 
908 -259 
1498 1973 
1569 3941 
-1595 -3376 
2319 2661 
-1080 2040 
-1116 409 
2016 -1003 
-2304 -1202 
1379 -1091 
1493 1553 
2512 -948 
-1537 -3508 
-2403 621 
-1760 -3205 
1736 -2806 
3687 448 
-1197 -1308 
4136 -275 
-855 3570 
767 1876 
-1446 -2352 
1096 1166 
-1403 533 
-955 171 
-1082 -1705 
2102 2617 
1345 -1582 
2584 -547 
-340 3081 
-2143 -1855 
-1549 1975 
-3314 4353 
1841 -497 
-609 -34 
1275 -2112 
-597 -97 
-3035 -1785 
-105 -4459 
204 1792 
-1749 -1121 
438 -758 
-904 -93 
-1329 -3530 
-2637 381 
-4042 1568 
-2430 589 
39 -1917 
1440 867 
-695 -1287 
2478 377 
-1602 1427 
-1 -94 
2884 3217 
-3340 -216 
-3185 1408 
-1457 -2098 
2320 2172 
461 1494 
-2228 1549 
-3059 -2210 
-3138 -886 
419 407 
-12 1276 
380 -534 
-1601 -1248 
-4418 494 
-1016 -263 
-1536 -50 
-539 -616 
-4729 -1424 
-1983 1229 
-1395 -1658 
723 -743 
310 4066 
-1862 1053 
333 844 
-369 -1165 
-479 -1415 
-100 3140 
1850 -1181 
3146 -1969 
4449 -186 
-273 -532 
2734 669 
-4859 -688 
428 -2176 
-1197 -136 
-1639 -2601 
891 1169 
749 2127 
2629 934 
2878 919 
2758 644 
-131 2316 
549 899 
-1631 640 
-60 2676 
-889 -3036 
-3760 469 
2281 -865 
-1790 3240 
-1546 -2740 
-1432 286 
-4103 1739 
219 1163 
1604 722 
-1728 3218 
-592 10 
364 -242 
1075 1247 
-1446 -2388 
1307 -721 
1593 -301 
421 -1678 
916 -158 
-3385 -139 
-2673 208 
792 806 
1171 3645 
360 -1092 
1248 -4217 
1120 1639 
-1327 878 
-425 629 
-1475 -770 
-2257 898 
2351 1598 
-1431 548 
2633 -1943 
-584 3776 
95 -3427 
2803 1073 
370 75 
763 2886 
-1595 1617 
-1193 -1585 
-1428 -2166 
-3163 -2385 
-2495 2217 
2620 726 
2351 887 
-1421 1050 
-966 -1043 
-1918 4487 
-567 -2435 
260 -1551 
1510 2305 
-1876 55 
1488 -750 
-444 707 
1801 4534 
-2691 3994 
3618 -1774 
2125 -1743 
-3081 1957 
-1576 -3076 
1318 1344 
-3317 -3478 
-707 -453 
-189 1905 
3000 -504 
-256 928 
1513 -851 
-469 -2222 
208 3483 
-3155 -1760 
-3159 -570 
-1824 -1873 
-130 1465 
1724 -204 
-1115 -446 
-599 -491 
599 -612 
3050 4212 
-1646 -2285 
-56 -1920 
-769 -601 
575 -2583 
3174 -3032 
1343 347 
-687 -201 
335 -919 
2314 -641 
478 -225 
-1032 3974 
-558 2533 
172 135 
-642 2287 
139 -793 
-226 2233 
635 -951 
3915 -1146 
-407 -152 
1555 -1659 
-2867 -2912 
720 4700 
904 3455 
-779 559 
48 -886 
543 1422 
1458 -574 
-3662 -991 
3008 662 
1495 2822 
-783 2347 
-876 -555 
1034 -790 
320 2755 
-4857 -2160 
-911 4042 
1846 -205 
-821 3252 
-3296 -855 
-2089 -5057 
2688 852 
-974 190 
-3240 410 
3225 2455 
1600 1619 
4555 183 
-964 -2069 
-807 -2152 
-2950 1131 
1729 -3679 
1940 3093 
-2001 -1747 
704 1627 
-38 1598 
1748 -3674 
1924 -2368 
251 -2075 
3036 -855 
-2778 209 
955 3392 
1938 878 
2144 2122 
-1829 2795 
-2053 1877 
2860 2176 
4095 -2321 
-1965 -3987 
1655 1644 
-859 323 
2602 -1758 
4484 54 
-1836 430 
-180 1784 
-586 3407 
-1178 -688 
-520 4439 
1751 -3363 
1448 3487 
-891 3252 
-2085 3274 
756 2573 
-2276 755 
-1939 -1112 
-1522 -391 
3439 -1518 
53 3586 
686 1530 
29 -2411 
4402 2606 
-411 -1064 
533 -1276 
-7781 2094 
1073 1438 
2853 2233 
1675 1743 
959 -373 
586 951 
1107 1699 
770 333 
1704 2450 
-868 580 
-808 -1270 
1727 1409 
-1600 292 
-1902 2058 
-1640 -3488 
-1749 -210 
-1627 -872 
-1178 -4329 
-81 -922 
-4737 327 
324 -2007 
1634 1769 
-1232 1930 
-3675 -1254 
707 1100 
269 1628 
2174 3642 
522 -1416 
419 1075 
-1481 -2488 
1046 2991 
-123 794 
-255 -1242 
-932 -487 
1181 -1897 
-427 3772 
-131 2060 
-329 2065 
-940 217 
2911 1326 
-3459 -1813 
3776 3831 
262 -800 
-1626 -2642 
1370 693 
2692 -1264 
-15 -2574 
-1774 -142 
1006 387 
-2358 2649 
5105 127 
1277 2144 
1455 -4250 
3488 2554 
-220 147 
-334 -314 
-285 -2649 
-1112 -2168 
1188 -422 
4902 -4082 
-1770 -982 
-2002 208 
2090 1583 
7355 -3358 
487 -919 
1272 -1391 
2451 206 
-1333 521 
162 -1671 
-564 3262 
803 365 
-2277 -365 
52 1862 
-899 -2184 
1184 -1188 
-1892 -2786 
-2055 1750 
-566 5113 
3977 1111 
-1501 75 
-98 -4004 
2676 995 
530 2931 
-54 165 
384 -266 
2295 72 
1022 -1445 
1589 -1563 
3694 -944 
1993 -3012 
764 338 
-2051 -4877 
157 -132 
-332 -335 
-3284 -3891 
6201 3233 
2078 415 
-542 5680 
-503 -843 
-1939 587 
-1733 -1195 
535 23 
2454 -346 
1287 3117 
-1976 5045 
4850 3580 
1300 -5032 
1448 776 
-549 -847 
1231 -4056 
2491 569 
-1913 -1631 
5339 1539 
-2654 -2259 
873 503 
-1700 -2136 
-2311 533 
-1855 -3866 
-1602 -2198 
-1846 -1481 
-2892 101 
202 -2209 
704 251 
1224 -987 
1203 1339 
2449 1079 
-2056 -2068 
1425 -69 
-3742 -34 
-98 -1147 
-1295 -1533 
1585 1019 
-1848 -48 
389 -2437 
-887 -4804 
2128 -764 
1004 -794 
-327 2051 
754 778 
-1756 996 
-60 587 
-1981 710 
-255 879 
-5107 -628 
-3001 2559 
-4985 2389 
3219 5082 
1605 505 
-878 147 
-2346 2574 
-372 -2784 
-889 -1115 
-4580 -1852 
-2603 -1010 
1076 -2663 
2574 3452 
-347 1151 
-583 671 
-1526 -187 
-2000 -1306 
-1475 5097 
-889 729 
1943 -3802 
-1684 1694 
2726 3511 
-1078 570 
-4140 663 
1422 1108 
-415 -1172 
933 -346 
-4404 -1564 
469 -472 
2687 2520 
231 -1511 
-1182 -183 
-1319 -244 
-1898 1366 
-1438 4777 
-1506 246 
-2172 3292 
-185 456 
874 257 
3309 -432 
-3267 -1168 
-822 1094 
-2760 -723 
-567 -750 
-1097 -1105 
-1862 2045 
1827 263 
-1206 -148 
2095 910 
-155 477 
210 2554 
2816 -183 
2163 1588 
-2077 -1 
-18 3568 
1684 -8 
3295 -31 
-1066 -1490 
-615 -1026 
2399 -164 
1047 3146 
4696 -100 
-924 2416 
-422 -1687 
-671 3983 
1990 46 
-2538 -1945 
-3111 -2102 
476 -1203 
3478 -199 
412 -67 
2277 -1511 
-77 -1038 
1252 663 
-828 -456 
-2086 2810 
507 -1706 
1031 151 
884 191 
-1581 -1762 
-585 -2729 
-884 -1012 
74 -2693 
-1790 1333 
2954 4271 
2222 258 
-1430 310 
2116 -1829 
565 2354 
-1791 -3135 
-3266 -102 
-2380 -3203 
723 -1315 
1376 -642 
1686 -1022 
-3911 -2201 
-1020 -354 
-1159 2234 
-1855 -112 
-980 1260 
-2577 -768 
-888 -2178 
-2600 -1655 
-273 -1836 
3454 -2867 
-1105 -128 
977 -2196 
-1307 770 
4683 -3137 
695 -2893 
-454 741 
156 -1402 
-1955 -391 
-392 2611 
-3135 3173 
-5293 1916 
1226 229 
-600 -499 
-1570 -619 
-250 -1772 
-1418 536 
3483 768 
296 -2404 
4240 4472 
1554 -1517 
1689 4841 
-645 -934 
-2026 1973 
758 -24 
-872 -3682 
-2541 2215 
-1321 810 
-1268 -551 
-1669 1944 
60 -500 
-543 286 
351 -2420 
3217 -813 
1573 -2580 
-335 2708 
-777 634 
468 -951 
1780 3774 
-1498 1677 
4134 -2289 
-100 351 
-495 508 
-3029 -333 
-516 145 
423 -3758 
2309 -280 
-1101 1407 
1737 -2825 
429 -1577 
1838 -2392 
1477 -3148 
979 -3668 
-734 -1250 
-3782 2674 
1675 729 
-1800 1727 
937 322 
793 301 
-5130 -305 
-1078 -639 
18 -5350 
-1676 1278 
-2217 -2804 
-1710 -755 
-481 -423 
-1988 180 
-1231 1421 
-3285 -22 
279 -263 
411 2193 
3159 -402 
1373 462 
546 -3082 
-906 -1138 
-1180 1426 
