2267 -621 
2879 -1302 
-1527 -154 
-2363 1636 
-8 355 
216 -496 
164 62 
2385 1668 
464 1077 
-923 -1137 
-1161 -3646 
1131 2411 
-2544 -4363 
-2074 -392 
269 1591 
-860 3408 
-3283 -424 
2508 1056 
-53 -662 
-313 31 
-2583 831 
3697 -1928 
66 -1913 
3228 -1797 
101 -4077 
-839 -1930 
3364 -819 
-887 -3841 
-1145 -282 
-380 -1091 
4598 -156 
1970 1007 
673 -940 
-662 -1970 
3118 2551 
527 -245 
-206 3952 
-1648 -1393 
-2152 759 
-3255 181 
492 585 
-1687 3371 
-1618 -2059 
1543 -1892 
-464 1656 
-3025 4590 
475 -3828 
-796 -2490 
1462 1819 
154 -1064 
-2256 -98 
2600 2181 
2567 -2544 
143 -193 
944 -117 
1542 -3258 
8 -812 
3615 -1698 
2039 -576 
-2518 -3618 
-1273 1910 
1135 2323 
1520 -579 
276 -1594 
1389 -1631 
-628 -2236 
1963 4086 
-91 1540 
2004 -183 
-1340 -651 
-1859 757 
3159 -270 
-3153 2560 
269 2588 
-2113 1444 
-741 1019 
1456 1529 
1536 184 
-2266 -3379 
-883 1109 
887 -3334 
342 -3780 
-568 -824 
-1053 1457 
-1500 -4016 
-1545 -622 
269 -517 
-538 -802 
1030 -1650 
3375 -1217 
-2323 -1757 
702 -2825 
134 -249 
910 385 
949 312 
-2923 2299 
1394 3379 
-4214 4868 
2061 -1340 
-1154 -808 
-328 1688 
-2191 2147 
-1723 1447 
-438 260 
-3007 502 
1648 2256 
-1101 -3705 
548 -33 
-475 -2079 
1021 601 
52 2013 
-656 978 
-5058 -326 
1307 131 
-1266 769 
-6 1092 
-3135 555 
2446 593 
1876 2679 
2923 -1287 
-1297 5395 
854 1718 
1373 -190 
-3848 -1491 
852 -799 
36 974 
-721 -4498 
244 1133 
-2946 -2869 
2907 604 
-4025 -291 
-1016 545 
641 -1557 
2356 810 
1132 -2346 
194 378 
-1311 546 
-4467 -781 
-1900 -4330 
111 3305 
99 -287 
1202 -1061 
192 825 
1684 1334 
685 -655 
1249 -661 
1301 -1471 
-1246 798 
-2453 -3857 
-3810 1191 
3122 993 
231 -596 
1145 1274 
406 -1577 
-2452 91 
-392 3277 
1077 2158 
-1554 926 
1331 -1141 
5293 -789 
-857 5179 
569 1340 
2742 1931 
-3083 -3924 
3286 1062 
-578 -3450 
2295 -2299 
-333 1351 
-2235 -1183 
2032 -1278 
-2773 1190 
-2851 -1849 
-1332 395 
960 -196 
520 -495 
319 -826 
1040 2308 
-1967 477 
-186 -2019 
-548 126 
-3166 760 
-3090 248 
-4287 804 
2682 9 
3723 137 
1313 -876 
-845 1264 
6 1103 
-3138 2122 
1505 3664 
-84 -753 
-766 -549 
1165 112 
-1493 -2880 
374 -403 
1528 -275 
3782 1243 
-197 -1137 
510 -3945 
-2132 -734 
-2852 -1456 
-420 -4006 
571 2722 
4065 1455 
-3369 368 
-1864 -1438 
4731 -1592 
587 -584 
1580 -948 
-2983 886 
-932 2032 
-1037 457 
2314 -787 
1739 1732 
-1683 -368 
-298 -221 
-575 714 
-107 3376 
-1206 -2278 
418 426 
221 3318 
-7472 2588 
-1902 1174 
-3010 -2340 
-3261 2111 
-3268 -106 
3507 -4431 
-1199 1967 
-1598 666 
1399 424 
-1545 930 
-1870 288 
-792 -2210 
-643 986 
-1174 1616 
-3892 -1389 
1134 -2307 
-3903 2170 
2174 -3313 
-2477 -284 
-1206 562 
-2959 -2068 
-286 -3351 
1118 1058 
-3441 -3334 
1275 -1309 
-1083 -1098 
473 2338 
596 -2969 
-1096 3390 
-1822 1522 
-1514 -1200 
662 2010 
3476 -348 
1064 -3277 
-1071 -705 
